height000	0	0	10000	100
height001	0	0	10000	100
height002	0	0	10000	100
height003	0	0	10000	100
height004	0	0	10000	100
height005	0	0	10000	100
height010	0	0	10000	100
height011	0	0	10000	100
height012	10	0	10000	100
height013	10	0	10000	100
height014	0	0	10000	100
height015	0	0	10000	100
height020	0	0	10000	100
height021	0	0	10000	100
height022	50	0	10000	100
height023	50	0	10000	100
height024	0	0	10000	100
height025	0	0	10000	100
height030	0	0	10000	100
height031	0	0	10000	100
height032	150	0	10000	100
height033	150	0	10000	100
height034	0	0	10000	100
height035	0	0	10000	100
height040	0	0	10000	100
height041	40	0	10000	100
height042	200	0	10000	100
height043	200	0	10000	100
height044	40	0	10000	100
height045	0	0	10000	100
height050	0	0	10000	100
height051	50	0	10000	100
height052	250	0	10000	100
height053	250	0	10000	100
height054	50	0	10000	100
height055	0	0	10000	100
height060	50	0	10000	100
height061	60	0	10000	100
height062	500	0	10000	100
height063	500	0	10000	100
height064	60	0	10000	100
height065	50	0	10000	100
height070	60	0	10000	100
height071	70	0	10000	100
height072	1000	0	10000	100
height073	1000	0	10000	100
height074	70	0	10000	100
height075	60	0	10000	100
height080	70	0	10000	100
height081	100	0	10000	100
height082	2000	0	10000	100
height083	2000	0	10000	100
height084	100	0	10000	100
height085	70	0	10000	100
height090	80	0	10000	100
height091	500	0	10000	100
height092	5000	0	10000	100
height093	5000	0	10000	100
height094	500	0	10000	100
height095	80	0	10000	100
height100	100	0	10000	100
height101	1500	0	10000	100
height102	10000	0	10000	100
height103	10000	0	10000	100
height104	1500	0	10000	100
height105	100	0	10000	100
height110	150	0	10000	100
height111	2000	0	10000	100
height112	10000	0	10000	100
height113	10000	0	10000	100
height114	2000	0	10000	100
height115	150	0	10000	100
height120	150	0	10000	100
height121	2000	0	10000	100
height122	10000	0	10000	100
height123	10000	0	10000	100
height124	2000	0	10000	100
height125	150	0	10000	100
thresholdHeight	3000	1000	10000	100
renketsu	200	10	1000	100
samecolorUnder	100	10	1000	100
samecolorLeft	100	10	1000	100
sensaPotensial	5	0	20	2
