height000 : 507,454,449,442,438,435, 0 -> 0
height001 : 507,455,451,449,443,443, 0 -> 0
height002 : 507,505,505,505,505,505, 0 -> 0
height003 : 507,503,503,502,500,501, 0 -> 0
height004 : 507,501,502,502,503,503, 0 -> 0
height005 : 507,496,497,496,496,496, 0 -> 0
height010 : 507,488,483,481,482,481, 0 -> 0
height011 : 507,454,454,451,437,436, 0 -> 0
height012 : 507,506,508,510,513,513, 10 -> 80
height013 : 507,512,510,509,508,509, 10 -> 20
height014 : 512,507,506,509,509,509, 0 -> 0
height015 : 512,508,509,505,506,507, 0 -> 0
height020 : 512,508,504,500,497,493, 0 -> 0
height021 : 512,481,487,489,488,482, 0 -> 0
height022 : 486,499,509,512,514,511, 50 -> 80
height023 : 497,513,512,517,515,516, 50 -> 60
height024 : 517,518,522,524,526,527, 0 -> 100
height025 : 527,527,528,527,527,525, 0 -> 40
renketsu : 270,271,277,299,327,347,372,397,435,454,483,508,520,528,527,528,530,529,526,529,533,530,525,526,522,522,520,517,520,522,522, 260 -> 400
samecolorUnder : 512,514,518,523,528,527,527,533,532,534,538,537,533,528,534,525,516,503,479,479,457,456,445,437,434,416, 140 -> 200
samecolorLeft : 514,520,516,522,524,526,529,535,533,533,521,530,525,528,518,505,493,493,484,489,448,448,441,429,413,399, 150 -> 140
rensaPotensial : 517,535,511,498,493,486,470,477,470,469,466, 1 -> 1
